9734000
15216000
9995000
10600000
13770000
10026000
10094000
11893000
12082000
12561000
9778000
9989000
13728000
9293000
12755000
13737000
15191000
13767000
11328000
13762000
13764000
10024000
9481000
9764000
13738000
12703000
9993000
10997000
10064000
9977000
13761000
10007000
14374000
15147000
14438000
10476000
13484100
9533000
10050000
10458000
10060000
11888000
9299000
13752000
9419000
14994000
10598000
12428000
9291000
13757000
10097000
13751000
13726000
13753000
15010000
9475000
12452000
9512000
13796000
13534000
9413000
15188000
12859000
15220000
13727000
13716000
15184000
15254000
10009000
10010000
10085000
7241000
13536000
11559000
11974000
11930000
13754000
10473100
10567000
11696000
12696000
13745000
11757000
11013000
11022000
10447000
13531000
11878000
10023000
11306000
9444000
11649009
11649010
10597000
11921000
11986000
11636000
12404000
11593000
13456900
12731000
14147000
13533000
14993000
15077601
14675500
14720211
13356000
9990000
15047000
11964000
12435000
13237000
9328000
9518000
11256000
13741000
9969000
13696000
14962100
11702000
13775000
11914000
13614000
11971000
13750000
12728000
13739000
13019000
10603000
10092000
10006000
8796100
10790000
15090000
11877000
13782000
9494000
9313000
12430000
11349000
12858000
9321000
14173000
14094000
12569000
11876542
12020000
12453000
11649006
13730000
11647100
12400000
13467300
13459300
14155000
10790700
13855000
10432000
13721000
10063000
11320000
13633000
13670000
13248000
11744000
10690000
13043600
11649002
11504000
12531000
15084000
14838000
12601000
13003000
14798000
13227000
14228000
9305000
13550200
9326000
9329000
11883000
11906000
13251000
13794000
8166000
10978000
13363000
11646100
13053501
9564000
9485000
13323000
13296000
12152000
12085000
9500000
14601000
9994000
9718000
9740000
9536000
9777000
12203000
14591000
14496000
14531000
14352000
10103000
12076000
12701000
12064000
12744000
10037000
10241000
12895000
11045000
11598000
12512000
12878000
9468000
9418000
12009000
12169000
14596000
11625000
9330000
9252000
9306000
9298000
14608000
9750000
9430000
12983000
14467000
12117000
10016000
14373000
9414000
12920000
14238000
14347000
9262000
12665000
10089000
12164000
9264000
12674000
14584000
9758000
12663000
12736000
10088000
14594000
12121000
10254000
12098000
12519100
10095000
12519000
14477000
12748000
10214000
12005000
14564000
13626000
14606000
14633000
12745000
12901000
9804000
9470000
12855000
9519000
12890000
9441000
13578000
9256000
14530000
12006000
9541000
10233000
10257000
11254000
12699000
14599000
9742000
9744000
14259000
10030000
10247000
12776000
12690000
14387000
14535000
14582000
10041000
12692000
12065000
12710000
10990000
12798000
14341000
12176000
12806000
14567000
9520000
10058000
14393000
10286000
12783000
11058000
9282000
12805000
14388000
9457000
12094000
9738000
12014100
9555000
10980000
9772000
13790000
14421000
13632000
14991000
10232000
11052000
12035000
12105000
10290000
10994000
12760000
12832000
12852000
12515000
12053000
14407000
14414000
14418000
11999000
12172000
12659000
14533000
14635000
9482000
10987000
12712000
12144000
12707000
12804000
13788000
12807000
14545000
14590000
11255000
12004000
10269000
12012000
12097000
12680000
10968000
9484000
14409000
12904000
11627000
11633000
14411000
12866000
10249000
11046000
12013000
12021000
14417000
9514000
12114000
12127000
9991000
12508000
12506000
12161000
9409000
12831000
14468000
9412000
14375000
9416000
12027000
10251000
13630000
9316000
14370000
12101000
10279000
10077000
12672000
12017000
10068000
10198000
12893000
11615000
12511000
9489000
12102000
9323000
14377000
12090000
14607000
12761000
13601000
12854000
9458000
9497000
9450000
13587000
12907000
12689000
12768000
12986000
13627000
14349000
12133000
9438000
10250000
12520000
10988000
12521000
10039000
13588000
9498000
12786000
10071000
12766000
9490000
9774000
11997000
12022000
13623000
12714000
12911000
10230000
12031000
12122000
12824000
14541000
12149000
10299108
12797000
12687000
9410000
9790000
14325000
10266000
12074000
12844000
14241000
12779000
12116000
12145000
10236000
12743000
14992000
14382000
12151000
10203000
12677000
9761000
12734000
14609000
10253000
12691000
11057000
14487000
9420000
9423000
9427000
9437000
9440000
9445000
9454000
9460000
9461000
9477000
9483000
9488000
9501000
9505000
9506000
9531000
9538000
9551000
9558000
9723000
9749000
9759000
9796000
9827000
10070000
10087000
10238000
10259000
12836000
9263000
12722000
9815000
14500000
9254000
12694000
9829000
10108000
14333000
4346000
2864000
10981000
12695000
12079000
12656000
9552000
10028000
