11643524
13693000
10473200
9739000
12769000
12685000
9324000
14544000
12600000
13576000
12534000
9515000
9333000
10105000
12823000
12061000
11031000
14243000
11695000
12174000
14420000
14559000
14345000
14242000
14225000
10021000
11649007
10081000
13609000
10231000
11252000
13713000
10790100
11902000
14560000
10091000
12052000
10228000
12200000
12118000
13624000
12910000
11464000
9525000
10280000
12814000
14566000
10972000
13780000
12796000
15082000
12751000
11623000
12158000
14529000
12043000
3244100
12084000
10090000
12446000
11718000
10043000
12845000
14543000
12657000
9556000
12909000
14356000
12018000
13766000
13810000
11849000
9543000
12000000
12123000
12125000
12071000
12499000
10362000
13230000
11310000
10252000
9754000
12919000
10954000
12108000
14235000
10602000
13777000
10260000
10600100
12908000
13746000
14145000
12662000
12650000
9508000
12813000
12651000
12875000
10946000
11868000
14412000
10284000
12930000
12134000
12163000
12900000
11632000
9417000
10790600
13422500
9746000
12204000
12705000
14364000
13606000
12501000
9265000
11630000
14371000
10040000
11879000
12857000
14191100
13858000
14391000
10061000
14368000
9978000
13631000
3244000
14745100
9303000
14628000
10237000
10079000
12835000
12937000
12652000
13473000
9499000
13778000
12100000
10083000
10008000
12668000
12933000
14249000
12649000
9528100
9800000
9467000
9968000
11755000
14569000
10018000
12849000
9733000
10291000
13698000
14021000
13335000
9344000
11900000
13743000
9310000
14354000
12126000
14359000
12115000
14469000
14721512
15140000
13349000
12738000
10292000
12502000
12787000
12897000
12777000
12119000
11002000
9789000
15077526
11928000
9766000
12132000
14340000
12083000
10205000
10255000
10384000
13755000
15171000
9295000
10299106
14357000
9765000
10965000
13391000
10226000
11915000
12026000
14335000
14240000
13359000
11324000
10288000
12756000
12724000
14365000
9304000
14602000
10976000
10066000
10073000
9985000
12450000
10263000
10211000
14621000
13592000
12078000
9469000
11649000
9319000
12124000
10996000
14553000
10004000
13789000
12896000
13720000
10827000
9786000
12001000
9476000
12819000
12040000
13365000
13345000
10057000
14636000
10053000
12178000
12147000
12180000
11467000
11748000
13548000
12861000
12039000
12922000
10078000
10281000
9825000
12877000
11128000
12516000
11047000
10285000
14548000
14332000
11903000
10790300
9459000
9760000
14415000
14624000
14568000
14552000
10032000
9491000
11709000
9272000
12906000
12837000
10110000
12046000
13763000
13532000
11253000
10069000
14493000
14597000
11624000
9307000
13756000
11889000
13765000
9250000
10998000
12509000
10971000
12829000
12921000
9997000
10357000
12791000
12107000
14465000
12120000
9257000
11904000
9270000
9523000
10044000
14557000
12729000
10239000
14392000
11010000
10005000
10020000
12070000
12150000
12827000
10048000
10243000
11979000
15219000
12639000
12816000
10206000
14577000
12089000
12706100
13744000
12447000
11897000
9563000
12669000
9294000
12902000
13607000
11062000
11920000
10782000
12686000
12023000
10047000
12058000
12002000
11909000
15189100
13229000
12711000
10261000
14260000
14466000
12095000
9269000
10042000
13797000
12179000
9748000
10246000
12664000
12104000
11649008
11882000
12451000
11513000
13014000
11001000
12137000
12165000
11913000
9311000
15139000
12709000
12822000
12051000
10964000
10992000
9275000
14901000
13811000
9992000
10093000
12092000
14619000
9273000
9472000
9792000
13615000
14258000
9495000
12741000
12648000
12706000
11745000
14372000
13733000
9274000
10013000
14331000
14536000
14532000
11881000
9776000
9996000
10051000
12818000
14378000
12884000
12154000
12846000
10363000
12553000
12658000
9267000
14390000
10075000
14990000
14025000
10015000
12443000
14489000
14563000
13798000
13621000
12025000
10034000
11290000
10076000
9280000
14416000
10014000
10956000
12735000
9983000
11032000
14154000
14355000
9763000
10969000
12003000
9549000
12441000
13683000
13758000
13714000
12394100
13183000
10027000
11056000
13593000
10096000
12148000
12676000
12130000
10957000
9289000
14386000
9734000
15216000
9995000
10600000
13770000
10026000
10094000
11893000
12082000
12561000
9778000
9989000
13728000
9293000
12755000
13737000
15191000
13767000
11328000
13762000
13764000
10024000
9481000
9764000
13738000
12703000
9993000
10997000
10064000
9977000
13761000
10007000
14374000
15147000
14438000
10476000
13484100
9533000
10050000
10458000
10060000
11888000
9299000
13752000
9419000
14994000
10598000
12428000
9291000
13757000
10097000
13751000
13726000
13753000
15010000
9475000
12452000
9512000
13796000
13534000
9413000
15188000
12859000
15220000
13727000
13716000
15184000
15254000
10009000
10010000
10085000
7241000
13536000
11559000
11974000
11930000
13754000
10473100
10567000
11696000
12696000
13745000
11757000
11013000
11022000
10447000
13531000
11878000
10023000
11306000
9444000
11649009
11649010
10597000
11921000
11986000
11636000
12404000
11593000
13456900
12731000
14147000
13533000
14993000
15077601
14675500
14720211
13356000
9990000
15047000
11964000
12435000
13237000
9328000
9518000
11256000
13741000
9969000
13696000
14962100
11702000
13775000
11914000
13614000
11971000
13750000
12728000
13739000
13019000
10603000
10092000
10006000
8796100
10790000
15090000
11877000
13782000
9494000
9313000
12430000
11349000
12858000
9321000
14173000
14094000
12569000
11876542
12020000
12453000
11649006
13730000
11647100
12400000
13467300
13459300
14155000
10790700
13855000
10432000
13721000
10063000
11320000
13633000
13670000
13248000
11744000
10690000
13043600
11649002
11504000
12531000
15084000
14838000
12601000
13003000
14798000
13227000
14228000
9305000
13550200
9326000
9329000
11883000
11906000
13251000
13794000
8166000
10978000
13363000
11646100
13053501
9564000
9485000
13323000
13296000
12152000
12085000
9500000
14601000
9994000
9718000
9740000
9536000
9777000
12203000
14591000
14496000
14531000
14352000
10103000
12076000
12701000
12064000
12744000
10037000
10241000
12895000
11045000
11598000
12512000
12878000
9468000
9418000
12009000
12169000
14596000
11625000
9330000
9252000
9306000
9298000
14608000
9750000
9430000
12983000
14467000
12117000
10016000
14373000
9414000
12920000
14238000
14347000
9262000
12665000
10089000
12164000
9264000
12674000
14584000
9758000
12663000
12736000
10088000
14594000
12121000
10254000
12098000
12519100
10095000
12519000
14477000
12748000
10214000
12005000
14564000
13626000
14606000
14633000
12745000
12901000
9804000
9470000
12855000
9519000
12890000
9441000
13578000
9256000
14530000
12006000
9541000
10233000
10257000
11254000
12699000
14599000
9742000
9744000
14259000
10030000
10247000
12776000
12690000
14387000
14535000
14582000
10041000
12692000
12065000
12710000
10990000
12798000
14341000
12176000
12806000
14567000
9520000
10058000
14393000
10286000
12783000
11058000
9282000
12805000
14388000
9457000
12094000
9738000
12014100
9555000
10980000
9772000
13790000
14421000
13632000
14991000
10232000
11052000
12035000
12105000
10290000
10994000
12760000
12832000
12852000
12515000
12053000
14407000
14414000
14418000
11999000
12172000
12659000
14533000
14635000
9482000
10987000
12712000
12144000
12707000
12804000
13788000
12807000
14545000
14590000
11255000
12004000
10269000
12012000
12097000
12680000
10968000
9484000
14409000
12904000
11627000
11633000
14411000
12866000
10249000
11046000
12013000
12021000
14417000
9514000
12114000
12127000
9991000
12508000
12506000
12161000
9409000
12831000
14468000
9412000
14375000
9416000
12027000
10251000
13630000
9316000
14370000
12101000
10279000
10077000
12672000
12017000
10068000
10198000
12893000
11615000
12511000
9489000
12102000
9323000
14377000
12090000
14607000
12761000
13601000
12854000
9458000
9497000
9450000
13587000
12907000
12689000
12768000
12986000
13627000
14349000
12133000
9438000
10250000
12520000
10988000
12521000
10039000
13588000
9498000
12786000
10071000
12766000
9490000
9774000
11997000
12022000
13623000
12714000
12911000
10230000
12031000
12122000
12824000
14541000
12149000
10299108
12797000
12687000
9410000
9790000
14325000
10266000
12074000
12844000
14241000
12779000
12116000
12145000
10236000
12743000
14992000
14382000
12151000
10203000
12677000
9761000
12734000
14609000
10253000
12691000
11057000
14487000
9420000
9423000
9427000
9437000
9440000
9445000
9454000
9460000
9461000
9477000
9483000
9488000
9501000
9505000
9506000
9531000
9538000
9551000
9558000
9723000
9749000
9759000
9796000
9827000
10070000
10087000
10238000
10259000
12836000
9263000
12722000
9815000
14500000
9254000
12694000
9829000
10108000
14333000
4346000
2864000
10981000
12695000
12079000
12656000
9552000
10028000
13772000
12809000
11905000
13015000
12763000
13769000
14179000
14073000
12790000
11068000
13983000
12848000
9507000
12905000
15212000
14714000
13388000
10884000
13715000
12590000
9281000
13061000
9502000
9266000
9788000
12439000
13719000
12753000
10790500
9425000
13776000
10000000
9532000
13360000
11916000
11919000
13740000
10086000
12739000
11133000
15020000
15218000
14721510
11665000
10019000
9779000
14151000
13760000
10977000
12856000
13759000
11896000
11012000
12803000
11351000
11965000
11291000
9297000
11666000
11649003
15213000
13781000
12442000
12411000
14893000
11647300
13773000
10366000
14721513
11062501
10979000
9314000
13717000
14721517
9451000
11561000
10457000
9286000
13951000
11649004
12673000
10596000
11922000
10001000
12666000
9542000
12448000
9535000
10052000
11361000
13793000
13729000
13384000
15186000
9318000
11007000
11649005
11417000
10790800
12341000
12487000
13731000
10790200
11647200
10049000
9783000
12212000
12537000
13695000
10067000
8795000
11366000
10599000
10029000
14239000
12444000
13809000
10625200
14146000
11698100
12754000
13577000
13736000
13779000
11996502
9979000
13376000
11980000
9411000
9452000
9478000
9540000
9743000
9984000
9998000
10361000
10475000
13784000
12412000
12678000
12445000
11907000
11898000
15183000
10790400
12449000
9987000
11996501
15135000
15217000
9335000
9421000
9439000
9301000
9422000
10275000
9817000
10204000
9735000
10272000
12049000
12081000
12080000
9327000
10235000
14351000
10273000
9798000
9471000
12010000
12862000
9408000
9424000
9719000
9807000
9545000
14561000
14637000
12926000
10059000
12504000
9284000
9312000
9285000
10100000
9802000
12740000
12747000
14490000
10036000
12781000
9455000
14495000
14413000
10045000
14248000
9745000
12073000
9785000
13619000
12066000
10258000
10109000
12099000
12782000
10072000
9787000
12044000
9315000
10294000
10055000
13634000
14245000
12898000
10212000
14383000
12069000
12170000
9255000
12106000
12505000
12671000
12675000
12016000
9986000
10267000
10282000
9493000
12679000
14324000
9432000
12048000
12924000
9805000
12168000
9426000
10271000
12683000
14558000
14358000
13608000
12752000
9794000
14588000
13952000
12660000
13629000
12008000
12654000
14236000
10966000
12160000
14571000
14534000
12128000
11592000
12713000
10299104
12830000
12059000
12772000
12141000
14380000
9973000
12865000
14562000
12202000
9251000
9288000
12847000
14542000
9797000
9793000
11618000
12984000
10112000
9292000
12799000
9503000
14497000
12038000
12839000
12842000
12784000
12828000
14989000
12034000
9504000
14612000
12873000
9492000
10975000
14632000
12205000
10099000
9557000
10262000
9780000
12700000
9260000
9784000
9757000
9816000
9302000
12514000
14408000
12162000
14634000
12931000
12015000
12894000
12810000
9721000
12019000
12050000
12716000
14384000
14585000
12068000
12876000
14581000
9729000
10299101
10245000
12936000
12030000
12024000
12129000
10104000
12717000
14385000
12727000
12874000
12808000
14369000
12072000
12794000
12708000
9271000
9547000
12103000
9775000
9521000
10955000
14244000
9791000
12041000
14329000
9722000
12096000
12142000
9756000
14610000
13616000
9334000
9268000
12939000
9511000
14618000
10299107
11257000
11600000
13594000
9287000
14570000
14334000
12938000
10983000
10264000
11055000
10017000
12765000
9415000
12159000
13791000
10982000
12201000
12702000
12513000
12923000
14254000
9309000
14394000
12746000
10002000
12883000
10031000
13590000
12175000
10989000
10289000
12780000
12014000
14338000
12821000
12503000
14425000
14424000
14330000
12737000
12067000
14362000
14579000
12935000
9781000
10991000
9509000
12056000
12899000
9731000
14576000
12156000
12871000
9753000
12055000
10276000
10098000
10274000
12045000
9737000
9465000
9433000
9988000
12757000
9548000
11626000
12840000
12732000
14578000
9730000
10046000
10011000
12785100
12927000
14586000
12135000
12077000
14538000
10296615
7759000
4597000
3017001
9093000
2133000
1612000
2138000
4845100
4845000
9125000
9125100
7129110
7129000
5051100
5051000
4024000
3950000
3435000
2110000
2109200
15432000
2176000
2180000
2177000
2175000
2076000
2077000
1611101
1611102
1611100
7556000
4641100
7594000
7598000
7597000
7596000
4641000
7595000
2393000
2400200
2400100
2393100
1181000
1181100
651100
4837001
4837000
651000
4917100
4917000
14296100
7100100
14296000
14297000
7100200
