13772000
12809000
11905000
13015000
12763000
13769000
14179000
14073000
12790000
11068000
13983000
12848000
9507000
12905000
15212000
14714000
13388000
10884000
13715000
12590000
9281000
13061000
9502000
9266000
9788000
12439000
13719000
12753000
10790500
9425000
13776000
10000000
9532000
13360000
11916000
11919000
13740000
10086000
12739000
11133000
15020000
15218000
14721510
11665000
10019000
9779000
14151000
13760000
10977000
12856000
13759000
11896000
11012000
12803000
11351000
11965000
11291000
9297000
11666000
11649003
15213000
13781000
12442000
12411000
14893000
11647300
13773000
10366000
14721513
11062501
10979000
9314000
13717000
14721517
9451000
11561000
10457000
9286000
13951000
11649004
12673000
10596000
11922000
10001000
12666000
9542000
12448000
9535000
10052000
11361000
13793000
13729000
13384000
15186000
9318000
11007000
11649005
11417000
10790800
12341000
12487000
13731000
10790200
11647200
10049000
9783000
12212000
12537000
13695000
10067000
8795000
11366000
10599000
10029000
14239000
12444000
13809000
10625200
14146000
11698100
12754000
13577000
13736000
13779000
11996502
9979000
13376000
11980000
9411000
9452000
9478000
9540000
9743000
9984000
9998000
10361000
10475000
13784000
12412000
12678000
12445000
11907000
11898000
15183000
10790400
12449000
9987000
11996501
15135000
15217000
9335000
9421000
9439000
9301000
9422000
10275000
9817000
10204000
9735000
10272000
12049000
12081000
12080000
9327000
10235000
14351000
10273000
9798000
9471000
12010000
12862000
9408000
9424000
9719000
9807000
9545000
14561000
14637000
12926000
10059000
12504000
9284000
9312000
9285000
10100000
9802000
12740000
12747000
14490000
10036000
12781000
9455000
14495000
14413000
10045000
14248000
9745000
12073000
9785000
13619000
12066000
10258000
10109000
12099000
12782000
10072000
9787000
12044000
9315000
10294000
10055000
13634000
14245000
12898000
10212000
14383000
12069000
12170000
9255000
12106000
12505000
12671000
12675000
12016000
9986000
10267000
10282000
9493000
12679000
14324000
9432000
12048000
12924000
9805000
12168000
9426000
10271000
12683000
14558000
14358000
13608000
12752000
9794000
14588000
13952000
12660000
13629000
12008000
12654000
14236000
10966000
12160000
14571000
14534000
12128000
11592000
12713000
10299104
12830000
12059000
12772000
12141000
14380000
9973000
12865000
14562000
12202000
9251000
9288000
12847000
14542000
9797000
9793000
11618000
12984000
10112000
9292000
12799000
9503000
14497000
12038000
12839000
12842000
12784000
12828000
14989000
12034000
9504000
14612000
12873000
9492000
10975000
14632000
12205000
10099000
9557000
10262000
9780000
12700000
9260000
9784000
9757000
9816000
9302000
12514000
14408000
12162000
14634000
12931000
12015000
12894000
12810000
9721000
12019000
12050000
12716000
14384000
14585000
12068000
12876000
14581000
9729000
10299101
10245000
12936000
12030000
12024000
12129000
10104000
12717000
14385000
12727000
12874000
12808000
14369000
12072000
12794000
12708000
9271000
9547000
12103000
9775000
9521000
10955000
14244000
9791000
12041000
14329000
9722000
12096000
12142000
9756000
14610000
13616000
9334000
9268000
12939000
9511000
14618000
10299107
11257000
11600000
13594000
9287000
14570000
14334000
12938000
10983000
10264000
11055000
10017000
12765000
9415000
12159000
13791000
10982000
12201000
12702000
12513000
12923000
14254000
9309000
14394000
12746000
10002000
12883000
10031000
13590000
12175000
10989000
10289000
12780000
12014000
14338000
12821000
12503000
14425000
14424000
14330000
12737000
12067000
14362000
14579000
12935000
9781000
10991000
9509000
12056000
12899000
9731000
14576000
12156000
12871000
9753000
12055000
10276000
10098000
10274000
12045000
9737000
9465000
9433000
9988000
12757000
9548000
11626000
12840000
12732000
14578000
9730000
10046000
10011000
12785100
12927000
14586000
12135000
12077000
14538000
10296615
7759000
4597000
3017001
9093000
2133000
1612000
2138000
4845100
4845000
9125000
9125100
7129110
7129000
5051100
5051000
4024000
3950000
3435000
2110000
2109200
15432000
2176000
2180000
2177000
2175000
2076000
2077000
1611101
1611102
1611100
7556000
4641100
7594000
7598000
7597000
7596000
4641000
7595000
2393000
2400200
2400100
2393100
1181000
1181100
651100
4837001
4837000
651000
4917100
4917000
14296100
7100100
14296000
14297000
7100200
