11643524
13693000
10473200
9739000
12769000
12685000
9324000
14544000
12600000
13576000
12534000
9515000
9333000
10105000
12823000
12061000
11031000
14243000
11695000
12174000
14420000
14559000
14345000
14242000
14225000
10021000
11649007
10081000
13609000
10231000
11252000
13713000
10790100
11902000
14560000
10091000
12052000
10228000
12200000
12118000
13624000
12910000
11464000
9525000
10280000
12814000
14566000
10972000
13780000
12796000
15082000
12751000
11623000
12158000
14529000
12043000
3244100
12084000
10090000
12446000
11718000
10043000
12845000
14543000
12657000
9556000
12909000
14356000
12018000
13766000
13810000
11849000
9543000
12000000
12123000
12125000
12071000
12499000
10362000
13230000
11310000
10252000
9754000
12919000
10954000
12108000
14235000
10602000
13777000
10260000
10600100
12908000
13746000
14145000
12662000
12650000
9508000
12813000
12651000
12875000
10946000
11868000
14412000
10284000
12930000
12134000
12163000
12900000
11632000
9417000
10790600
13422500
9746000
12204000
12705000
14364000
13606000
12501000
9265000
11630000
14371000
10040000
11879000
12857000
14191100
13858000
14391000
10061000
14368000
9978000
13631000
3244000
14745100
9303000
14628000
10237000
10079000
12835000
12937000
12652000
13473000
9499000
13778000
12100000
10083000
10008000
12668000
12933000
14249000
12649000
9528100
9800000
9467000
9968000
11755000
14569000
10018000
12849000
9733000
10291000
13698000
14021000
13335000
9344000
11900000
13743000
9310000
14354000
12126000
14359000
12115000
14469000
14721512
15140000
13349000
12738000
10292000
12502000
12787000
12897000
12777000
12119000
11002000
9789000
15077526
11928000
9766000
12132000
14340000
12083000
10205000
10255000
10384000
13755000
15171000
9295000
10299106
14357000
9765000
10965000
13391000
10226000
11915000
12026000
14335000
14240000
13359000
11324000
10288000
12756000
12724000
14365000
9304000
14602000
10976000
10066000
10073000
9985000
12450000
10263000
10211000
14621000
13592000
12078000
9469000
11649000
9319000
12124000
10996000
14553000
10004000
13789000
12896000
13720000
10827000
9786000
12001000
9476000
12819000
12040000
13365000
13345000
10057000
14636000
10053000
12178000
12147000
12180000
11467000
11748000
13548000
12861000
12039000
12922000
10078000
10281000
9825000
12877000
11128000
12516000
11047000
10285000
14548000
14332000
11903000
10790300
9459000
9760000
14415000
14624000
14568000
14552000
10032000
9491000
11709000
9272000
12906000
12837000
10110000
12046000
13763000
13532000
11253000
10069000
14493000
14597000
11624000
9307000
13756000
11889000
13765000
9250000
10998000
12509000
10971000
12829000
12921000
9997000
10357000
12791000
12107000
14465000
12120000
9257000
11904000
9270000
9523000
10044000
14557000
12729000
10239000
14392000
11010000
10005000
10020000
12070000
12150000
12827000
10048000
10243000
11979000
15219000
12639000
12816000
10206000
14577000
12089000
12706100
13744000
12447000
11897000
9563000
12669000
9294000
12902000
13607000
11062000
11920000
10782000
12686000
12023000
10047000
12058000
12002000
11909000
15189100
13229000
12711000
10261000
14260000
14466000
12095000
9269000
10042000
13797000
12179000
9748000
10246000
12664000
12104000
11649008
11882000
12451000
11513000
13014000
11001000
12137000
12165000
11913000
9311000
15139000
12709000
12822000
12051000
10964000
10992000
9275000
14901000
13811000
9992000
10093000
12092000
14619000
9273000
9472000
9792000
13615000
14258000
9495000
12741000
12648000
12706000
11745000
14372000
13733000
9274000
10013000
14331000
14536000
14532000
11881000
9776000
9996000
10051000
12818000
14378000
12884000
12154000
12846000
10363000
12553000
12658000
9267000
14390000
10075000
14990000
14025000
10015000
12443000
14489000
14563000
13798000
13621000
12025000
10034000
11290000
10076000
9280000
14416000
10014000
10956000
12735000
9983000
11032000
14154000
14355000
9763000
10969000
12003000
9549000
12441000
13683000
13758000
13714000
12394100
13183000
10027000
11056000
13593000
10096000
12148000
12676000
12130000
10957000
9289000
14386000
